tf.Tensor(
[[-51.106674 -51.106674 -41.707893 ... -51.106674 -51.106674 -51.106674]
 [-51.106674 -51.106674 -51.106674 ... -51.106674 -51.106674 -51.106674]
 [-51.106674 -51.106674 -43.94203  ... -51.106674 -51.106674 -51.106674]
 ...
 [-51.106674 -51.106674 -51.106674 ... -51.106674 -51.106674 -51.106674]
 [-51.106674 -51.106674 -51.106674 ... -51.106674 -51.106674 -51.106674]
 [-51.106674 -51.106674 -51.106674 ... -51.106674 -51.106674 -51.106674]], shape=(1417, 128), dtype=float32)
tf.Tensor(
[[-52.431793 -52.431793 -40.97283  ... -52.431793 -52.431793 -52.431793]
 [-52.431793 -52.431793 -41.40591  ... -52.431793 -52.431793 -52.431793]
 [-52.431793 -52.431793 -52.431793 ... -52.431793 -52.431793 -52.431793]
 ...
 [-52.431793 -52.431793 -52.431793 ... -52.431793 -52.431793 -52.431793]
 [-52.431793 -52.431793 -52.431793 ... -52.431793 -52.431793 -52.431793]
 [-52.431793 -52.431793 -52.431793 ... -52.431793 -52.431793 -52.431793]], shape=(1417, 128), dtype=float32)
tf.Tensor(
[[-49.28206 -49.28206 -49.28206 ... -49.28206 -49.28206 -49.28206]
 [-49.28206 -49.28206 -49.28206 ... -49.28206 -49.28206 -49.28206]
 [-49.28206 -49.28206 -49.28206 ... -49.28206 -49.28206 -49.28206]
 ...
 [-49.28206 -49.28206 -49.28206 ... -49.28206 -49.28206 -49.28206]
 [-49.28206 -49.28206 -49.28206 ... -49.28206 -49.28206 -49.28206]
 [-49.28206 -49.28206 -49.28206 ... -49.28206 -49.28206 -49.28206]], shape=(1417, 128), dtype=float32)
tf.Tensor(
[[-53.1347   -53.1347   -38.061607 ... -53.1347   -53.1347   -53.1347  ]
 [-53.1347   -53.1347   -28.682325 ... -53.1347   -53.1347   -53.1347  ]
 [-53.1347   -53.1347   -31.004673 ... -53.1347   -53.1347   -53.1347  ]
 ...
 [-53.1347   -53.1347   -53.1347   ... -53.1347   -53.1347   -53.1347  ]
 [-53.1347   -53.1347   -53.1347   ... -53.1347   -53.1347   -53.1347  ]
 [-53.1347   -53.1347   -53.1347   ... -53.1347   -53.1347   -53.1347  ]], shape=(1417, 128), dtype=float32)
tf.Tensor(
[[-50.548347 -50.548347 -50.224995 ... -50.548347 -50.548347 -50.548347]
 [-50.548347 -50.548347 -50.548347 ... -50.548347 -50.548347 -50.548347]
 [-50.548347 -50.548347 -45.137756 ... -50.548347 -50.548347 -50.548347]
 ...
 [-50.548347 -50.548347 -50.548347 ... -50.548347 -50.548347 -50.548347]
 [-50.548347 -50.548347 -50.548347 ... -50.548347 -50.548347 -50.548347]
 [-50.548347 -50.548347 -50.548347 ... -50.548347 -50.548347 -50.548347]], shape=(1417, 128), dtype=float32)
tf.Tensor(
[[-55.39216  -55.39216  -45.640366 ... -55.39216  -55.39216  -55.39216 ]
 [-55.39216  -55.39216  -45.152416 ... -55.39216  -55.39216  -55.39216 ]
 [-55.39216  -55.39216  -48.56617  ... -55.39216  -55.39216  -55.39216 ]
 ...
 [-55.39216  -55.39216  -55.39216  ... -55.39216  -55.39216  -55.39216 ]
 [-55.39216  -55.39216  -55.39216  ... -55.39216  -55.39216  -55.39216 ]
 [-55.39216  -55.39216  -55.39216  ... -55.39216  -55.39216  -55.39216 ]], shape=(1417, 128), dtype=float32)
tf.Tensor(
[[-49.24996  -49.24996  -41.610485 ... -49.24996  -49.24996  -49.24996 ]
 [-49.24996  -49.24996  -44.03231  ... -49.24996  -49.24996  -49.24996 ]
 [-49.24996  -49.24996  -46.496506 ... -49.24996  -49.24996  -49.24996 ]
 ...
 [-49.24996  -49.24996  -49.24996  ... -49.24996  -49.24996  -49.24996 ]
 [-49.24996  -49.24996  -49.24996  ... -49.24996  -49.24996  -49.24996 ]
 [-49.24996  -49.24996  -49.24996  ... -49.24996  -49.24996  -49.24996 ]], shape=(1417, 128), dtype=float32)
tf.Tensor(
[[-52.63005 -52.63005 -35.08541 ... -52.63005 -52.63005 -52.63005]
 [-52.63005 -52.63005 -37.25208 ... -52.63005 -52.63005 -52.63005]
 [-52.63005 -52.63005 -47.12062 ... -52.63005 -52.63005 -52.63005]
 ...
 [-52.63005 -52.63005 -52.63005 ... -52.63005 -52.63005 -52.63005]
 [-52.63005 -52.63005 -52.63005 ... -52.63005 -52.63005 -52.63005]
 [-52.63005 -52.63005 -52.63005 ... -52.63005 -52.63005 -52.63005]], shape=(1417, 128), dtype=float32)
tf.Tensor(
[[-51.524277 -51.524277 -38.82769  ... -51.524277 -51.524277 -51.524277]
 [-51.524277 -51.524277 -42.444767 ... -51.524277 -51.524277 -51.524277]
 [-51.524277 -51.524277 -51.524277 ... -51.524277 -51.524277 -51.524277]
 ...
 [-51.524277 -51.524277 -51.524277 ... -51.524277 -51.524277 -51.524277]
 [-51.524277 -51.524277 -51.524277 ... -51.524277 -51.524277 -51.524277]
 [-51.524277 -51.524277 -51.524277 ... -51.524277 -51.524277 -51.524277]], shape=(1417, 128), dtype=float32)
tf.Tensor(
[[-52.756477 -52.756477 -35.15548  ... -52.756477 -52.756477 -52.756477]
 [-52.756477 -52.756477 -30.841412 ... -52.756477 -52.756477 -52.756477]
 [-52.756477 -52.756477 -35.161076 ... -52.756477 -52.756477 -52.756477]
 ...
 [-52.756477 -52.756477 -52.756477 ... -52.756477 -52.756477 -52.756477]
 [-52.756477 -52.756477 -52.756477 ... -52.756477 -52.756477 -52.756477]
 [-52.756477 -52.756477 -52.756477 ... -52.756477 -52.756477 -52.756477]], shape=(1417, 128), dtype=float32)
tf.Tensor(
[[-50.702324 -50.702324 -46.20184  ... -50.702324 -50.702324 -50.702324]
 [-50.702324 -50.702324 -50.702324 ... -50.702324 -50.702324 -50.702324]
 [-50.702324 -50.702324 -50.702324 ... -50.702324 -50.702324 -50.702324]
 ...
 [-50.702324 -50.702324 -50.702324 ... -50.702324 -50.702324 -50.702324]
 [-50.702324 -50.702324 -50.702324 ... -50.702324 -50.702324 -50.702324]
 [-50.702324 -50.702324 -50.702324 ... -50.702324 -50.702324 -50.702324]], shape=(1417, 128), dtype=float32)
tf.Tensor(
[[-50.91298  -50.91298  -39.922455 ... -50.91298  -50.91298  -50.91298 ]
 [-50.91298  -50.91298  -33.800694 ... -50.91298  -50.91298  -50.91298 ]
 [-50.91298  -50.91298  -35.582493 ... -50.91298  -50.91298  -50.91298 ]
 ...
 [-50.91298  -50.91298  -50.91298  ... -50.91298  -50.91298  -50.91298 ]
 [-50.91298  -50.91298  -50.91298  ... -50.91298  -50.91298  -50.91298 ]
 [-50.91298  -50.91298  -50.91298  ... -50.91298  -50.91298  -50.91298 ]], shape=(1417, 128), dtype=float32)
tf.Tensor(
[[-52.79152  -52.79152  -43.577766 ... -52.79152  -52.79152  -52.79152 ]
 [-52.79152  -52.79152  -45.316788 ... -52.79152  -52.79152  -52.79152 ]
 [-52.79152  -52.79152  -43.705475 ... -52.79152  -52.79152  -52.79152 ]
 ...
 [-52.79152  -52.79152  -52.79152  ... -52.79152  -52.79152  -52.79152 ]
 [-52.79152  -52.79152  -52.79152  ... -52.79152  -52.79152  -52.79152 ]
 [-52.79152  -52.79152  -52.79152  ... -52.79152  -52.79152  -52.79152 ]], shape=(1417, 128), dtype=float32)
tf.Tensor(
[[-54.53411  -54.53411  -38.762863 ... -54.53411  -54.53411  -54.53411 ]
 [-54.53411  -54.53411  -41.36231  ... -54.53411  -54.53411  -54.53411 ]
 [-54.53411  -54.53411  -43.166893 ... -54.53411  -54.53411  -54.53411 ]
 ...
 [-54.53411  -54.53411  -54.53411  ... -54.53411  -54.53411  -54.53411 ]
 [-54.53411  -54.53411  -54.53411  ... -54.53411  -54.53411  -54.53411 ]
 [-54.53411  -54.53411  -54.53411  ... -54.53411  -54.53411  -54.53411 ]], shape=(1417, 128), dtype=float32)
tf.Tensor(
[[-51.46129  -51.46129  -38.018932 ... -51.46129  -51.46129  -51.46129 ]
 [-51.46129  -51.46129  -41.538467 ... -51.46129  -51.46129  -51.46129 ]
 [-51.46129  -51.46129  -39.685024 ... -40.81158  -47.11534  -51.46129 ]
 ...
 [-51.46129  -51.46129  -35.679607 ... -51.46129  -51.46129  -51.46129 ]
 [-51.46129  -51.46129  -34.96019  ... -51.46129  -51.46129  -51.46129 ]
 [-51.46129  -51.46129  -51.46129  ... -51.46129  -51.46129  -51.46129 ]], shape=(1417, 128), dtype=float32)
tf.Tensor(
[[-54.132652 -54.132652 -45.13233  ... -54.132652 -54.132652 -54.132652]
 [-54.132652 -54.132652 -46.660965 ... -54.132652 -54.132652 -54.132652]
 [-54.132652 -54.132652 -39.345345 ... -54.132652 -54.132652 -54.132652]
 ...
 [-54.132652 -54.132652 -54.132652 ... -54.132652 -54.132652 -54.132652]
 [-54.132652 -54.132652 -54.132652 ... -54.132652 -54.132652 -54.132652]
 [-54.132652 -54.132652 -54.132652 ... -54.132652 -54.132652 -54.132652]], shape=(1417, 128), dtype=float32)
tf.Tensor(
[[-54.977882 -54.977882 -54.1166   ... -54.977882 -54.977882 -54.977882]
 [-54.977882 -54.977882 -48.31082  ... -54.977882 -54.977882 -54.977882]
 [-54.977882 -54.977882 -47.916344 ... -54.977882 -54.977882 -54.977882]
 ...
 [-54.977882 -54.977882 -54.977882 ... -54.977882 -54.977882 -54.977882]
 [-54.977882 -54.977882 -54.977882 ... -54.977882 -54.977882 -54.977882]
 [-54.977882 -54.977882 -54.977882 ... -54.977882 -54.977882 -54.977882]], shape=(1417, 128), dtype=float32)
tf.Tensor(
[[-57.57527  -57.57527  -41.60102  ... -57.57527  -57.57527  -57.57527 ]
 [-57.57527  -57.57527  -36.81357  ... -53.604492 -57.57527  -57.57527 ]
 [-57.57527  -57.57527  -34.008575 ... -51.65007  -57.19956  -57.57527 ]
 ...
 [-57.57527  -57.57527  -43.939842 ... -53.951283 -53.35268  -55.773453]
 [-57.57527  -57.57527  -57.57527  ... -57.57527  -57.57527  -57.57527 ]
 [-57.57527  -57.57527  -57.57527  ... -57.57527  -57.57527  -57.57527 ]], shape=(1417, 128), dtype=float32)
tf.Tensor(
[[-57.193756 -57.193756 -42.071476 ... -57.193756 -57.193756 -57.193756]
 [-57.193756 -57.193756 -42.5954   ... -57.193756 -57.193756 -57.193756]
 [-57.193756 -57.193756 -42.068233 ... -57.193756 -57.193756 -57.193756]
 ...
 [-57.193756 -57.193756 -57.193756 ... -57.193756 -57.193756 -57.193756]
 [-57.193756 -57.193756 -57.193756 ... -57.193756 -57.193756 -57.193756]
 [-57.193756 -57.193756 -57.193756 ... -57.193756 -57.193756 -57.193756]], shape=(1417, 128), dtype=float32)
tf.Tensor(
[[-53.900715 -53.900715 -52.95716  ... -53.900715 -53.900715 -53.900715]
 [-53.900715 -53.900715 -41.492424 ... -53.900715 -53.900715 -53.900715]
 [-53.900715 -53.900715 -40.805725 ... -53.900715 -53.900715 -53.900715]
 ...
 [-53.900715 -53.900715 -53.900715 ... -53.900715 -53.900715 -53.900715]
 [-53.900715 -53.900715 -53.900715 ... -53.900715 -53.900715 -53.900715]
 [-53.900715 -53.900715 -53.900715 ... -53.900715 -53.900715 -53.900715]], shape=(1417, 128), dtype=float32)
tf.Tensor(
[[-53.482864 -53.482864 -43.028732 ... -53.482864 -53.482864 -53.482864]
 [-53.482864 -53.482864 -44.571068 ... -53.482864 -53.482864 -53.482864]
 [-53.482864 -53.482864 -44.064713 ... -53.482864 -53.482864 -53.482864]
 ...
 [-53.482864 -53.482864 -53.482864 ... -53.482864 -53.482864 -53.482864]
 [-53.482864 -53.482864 -53.482864 ... -53.482864 -53.482864 -53.482864]
 [-53.482864 -53.482864 -53.482864 ... -53.482864 -53.482864 -53.482864]], shape=(1417, 128), dtype=float32)
tf.Tensor(
[[-54.648262 -54.648262 -44.045166 ... -54.648262 -54.648262 -54.648262]
 [-54.648262 -54.648262 -42.79081  ... -54.648262 -54.648262 -54.648262]
 [-54.648262 -54.648262 -42.041367 ... -54.648262 -54.648262 -54.648262]
 ...
 [-54.648262 -54.648262 -54.648262 ... -54.648262 -54.648262 -54.648262]
 [-54.648262 -54.648262 -54.648262 ... -54.648262 -54.648262 -54.648262]
 [-54.648262 -54.648262 -54.648262 ... -54.648262 -54.648262 -54.648262]], shape=(1417, 128), dtype=float32)
tf.Tensor(
[[-53.227077 -53.227077 -41.548443 ... -53.227077 -53.227077 -53.227077]
 [-53.227077 -53.227077 -40.310993 ... -53.227077 -53.227077 -53.227077]
 [-53.227077 -53.227077 -42.291626 ... -53.221745 -53.227077 -53.227077]
 ...
 [-53.227077 -53.227077 -53.227077 ... -53.227077 -53.227077 -53.227077]
 [-53.227077 -53.227077 -53.227077 ... -53.227077 -53.227077 -53.227077]
 [-53.227077 -53.227077 -53.227077 ... -53.227077 -53.227077 -53.227077]], shape=(1417, 128), dtype=float32)
tf.Tensor(
[[-54.94547  -54.94547  -40.094536 ... -54.94547  -54.94547  -54.94547 ]
 [-54.94547  -54.94547  -37.920082 ... -54.94547  -54.94547  -54.94547 ]
 [-54.94547  -54.94547  -38.321888 ... -54.94547  -54.94547  -54.94547 ]
 ...
 [-54.94547  -54.94547  -54.94547  ... -54.94547  -54.94547  -54.94547 ]
 [-54.94547  -54.94547  -54.94547  ... -54.94547  -54.94547  -54.94547 ]
 [-54.94547  -54.94547  -54.94547  ... -54.94547  -54.94547  -54.94547 ]], shape=(1417, 128), dtype=float32)
tf.Tensor(
[[-54.66169  -54.66169  -43.051315 ... -54.66169  -54.66169  -54.66169 ]
 [-54.66169  -54.66169  -40.729183 ... -54.66169  -54.66169  -54.66169 ]
 [-54.66169  -54.66169  -54.66169  ... -54.66169  -54.66169  -54.66169 ]
 ...
 [-54.66169  -54.66169  -54.66169  ... -54.66169  -54.66169  -54.66169 ]
 [-54.66169  -54.66169  -54.66169  ... -54.66169  -54.66169  -54.66169 ]
 [-54.66169  -54.66169  -54.66169  ... -54.66169  -54.66169  -54.66169 ]], shape=(1417, 128), dtype=float32)
tf.Tensor(
[[-53.80183  -53.80183  -41.968025 ... -53.80183  -53.80183  -53.80183 ]
 [-53.80183  -53.80183  -45.751167 ... -53.80183  -53.80183  -53.80183 ]
 [-53.80183  -53.80183  -44.960766 ... -53.80183  -53.80183  -53.80183 ]
 ...
 [-53.80183  -53.80183  -53.80183  ... -53.80183  -53.80183  -53.80183 ]
 [-53.80183  -53.80183  -53.80183  ... -53.80183  -53.80183  -53.80183 ]
 [-53.80183  -53.80183  -53.80183  ... -53.80183  -53.80183  -53.80183 ]], shape=(1417, 128), dtype=float32)
tf.Tensor(
[[-54.734154 -54.734154 -41.594196 ... -54.734154 -54.734154 -54.734154]
 [-54.734154 -54.734154 -38.648613 ... -53.726135 -54.734154 -54.734154]
 [-54.734154 -54.734154 -40.415627 ... -54.734154 -54.734154 -54.734154]
 ...
 [-54.734154 -54.734154 -54.734154 ... -54.734154 -54.734154 -54.734154]
 [-54.734154 -54.734154 -54.734154 ... -54.734154 -54.734154 -54.734154]
 [-54.734154 -54.734154 -54.734154 ... -54.734154 -54.734154 -54.734154]], shape=(1417, 128), dtype=float32)
tf.Tensor(
[[-54.12708  -54.12708  -38.064293 ... -54.12708  -54.12708  -54.12708 ]
 [-54.12708  -54.12708  -44.74507  ... -54.12708  -54.12708  -54.12708 ]
 [-54.12708  -54.12708  -49.798565 ... -54.12708  -54.12708  -54.12708 ]
 ...
 [-54.12708  -54.12708  -54.12708  ... -54.12708  -54.12708  -54.12708 ]
 [-54.12708  -54.12708  -54.12708  ... -54.12708  -54.12708  -54.12708 ]
 [-54.12708  -54.12708  -54.12708  ... -54.12708  -54.12708  -54.12708 ]], shape=(1417, 128), dtype=float32)
tf.Tensor(
[[-55.778534 -55.778534 -50.205463 ... -55.778534 -55.778534 -55.778534]
 [-55.778534 -55.778534 -43.85786  ... -55.778534 -55.778534 -55.778534]
 [-55.778534 -55.778534 -43.737175 ... -55.778534 -55.778534 -55.778534]
 ...
 [-55.778534 -55.778534 -55.778534 ... -55.778534 -55.778534 -55.778534]
 [-55.778534 -55.778534 -55.778534 ... -55.778534 -55.778534 -55.778534]
 [-55.778534 -55.778534 -55.778534 ... -55.778534 -55.778534 -55.778534]], shape=(1417, 128), dtype=float32)
tf.Tensor(
[[-55.684593 -55.684593 -46.12743  ... -55.684593 -55.684593 -55.684593]
 [-55.684593 -55.684593 -42.160667 ... -55.684593 -55.684593 -55.684593]
 [-55.684593 -55.684593 -44.94932  ... -55.684593 -55.684593 -55.684593]
 ...
 [-55.684593 -55.684593 -55.684593 ... -55.684593 -55.684593 -55.684593]
 [-55.684593 -55.684593 -55.684593 ... -55.684593 -55.684593 -55.684593]
 [-55.684593 -55.684593 -55.684593 ... -55.684593 -55.684593 -55.684593]], shape=(1417, 128), dtype=float32)
tf.Tensor(
[[-47.89273  -47.89273  -36.712162 ... -47.89273  -47.89273  -47.89273 ]
 [-47.89273  -47.89273  -35.01352  ... -47.89273  -47.89273  -47.89273 ]
 [-47.89273  -47.89273  -36.477066 ... -47.89273  -47.89273  -47.89273 ]
 ...
 [-47.89273  -47.89273  -47.89273  ... -47.89273  -47.89273  -47.89273 ]
 [-47.89273  -47.89273  -47.89273  ... -47.89273  -47.89273  -47.89273 ]
 [-47.89273  -47.89273  -47.89273  ... -47.89273  -47.89273  -47.89273 ]], shape=(1417, 128), dtype=float32)
tf.Tensor(
[[-46.147167 -46.147167 -42.34445  ... -46.147167 -46.147167 -46.147167]
 [-46.147167 -46.147167 -42.46069  ... -46.147167 -46.147167 -46.147167]
 [-46.147167 -46.147167 -40.71666  ... -46.147167 -46.147167 -46.147167]
 ...
 [-46.147167 -46.147167 -46.147167 ... -46.147167 -46.147167 -46.147167]
 [-46.147167 -46.147167 -46.147167 ... -46.147167 -46.147167 -46.147167]
 [-46.147167 -46.147167 -46.147167 ... -46.147167 -46.147167 -46.147167]], shape=(1417, 128), dtype=float32)
tf.Tensor(
[[-54.378487 -54.378487 -35.311897 ... -54.378487 -54.378487 -54.378487]
 [-54.378487 -54.378487 -43.135983 ... -54.378487 -54.378487 -54.378487]
 [-54.378487 -54.378487 -45.687008 ... -54.378487 -54.378487 -54.378487]
 ...
 [-54.378487 -54.378487 -54.378487 ... -54.378487 -54.378487 -54.378487]
 [-54.378487 -54.378487 -54.378487 ... -54.378487 -54.378487 -54.378487]
 [-54.378487 -54.378487 -54.378487 ... -54.378487 -54.378487 -54.378487]], shape=(1417, 128), dtype=float32)
tf.Tensor(
[[-47.997658 -47.997658 -47.997658 ... -47.997658 -47.997658 -47.997658]
 [-47.997658 -47.997658 -43.011402 ... -47.997658 -47.997658 -47.997658]
 [-47.997658 -47.997658 -47.997658 ... -47.997658 -47.997658 -47.997658]
 ...
 [-47.997658 -47.997658 -47.997658 ... -47.997658 -47.997658 -47.997658]
 [-47.997658 -47.997658 -47.997658 ... -47.997658 -47.997658 -47.997658]
 [-47.997658 -47.997658 -47.997658 ... -47.997658 -47.997658 -47.997658]], shape=(1417, 128), dtype=float32)
tf.Tensor(
[[-54.67681  -54.67681  -44.81687  ... -54.67681  -54.67681  -54.67681 ]
 [-54.67681  -54.67681  -50.26377  ... -54.67681  -54.67681  -54.67681 ]
 [-54.67681  -54.67681  -53.003464 ... -54.67681  -54.67681  -54.67681 ]
 ...
 [-54.67681  -54.67681  -54.67681  ... -54.67681  -54.67681  -54.67681 ]
 [-54.67681  -54.67681  -54.67681  ... -54.67681  -54.67681  -54.67681 ]
 [-54.67681  -54.67681  -54.67681  ... -54.67681  -54.67681  -54.67681 ]], shape=(1417, 128), dtype=float32)
tf.Tensor(
[[-50.12089  -50.12089  -37.607056 ... -50.12089  -50.12089  -50.12089 ]
 [-50.12089  -50.12089  -39.3479   ... -50.12089  -50.12089  -50.12089 ]
 [-50.12089  -50.12089  -46.742672 ... -50.12089  -50.12089  -50.12089 ]
 ...
 [-50.12089  -50.12089  -50.12089  ... -50.12089  -50.12089  -50.12089 ]
 [-50.12089  -50.12089  -50.12089  ... -50.12089  -50.12089  -50.12089 ]
 [-50.12089  -50.12089  -50.12089  ... -50.12089  -50.12089  -50.12089 ]], shape=(1417, 128), dtype=float32)
tf.Tensor(
[[-52.791424 -52.791424 -52.791424 ... -52.791424 -52.791424 -52.791424]
 [-52.791424 -52.791424 -52.70318  ... -52.791424 -52.791424 -52.791424]
 [-52.791424 -52.791424 -42.14178  ... -52.791424 -52.791424 -52.791424]
 ...
 [-52.791424 -52.791424 -52.791424 ... -52.791424 -52.791424 -52.791424]
 [-52.791424 -52.791424 -52.791424 ... -52.791424 -52.791424 -52.791424]
 [-52.791424 -52.791424 -52.791424 ... -52.791424 -52.791424 -52.791424]], shape=(1417, 128), dtype=float32)
tf.Tensor(
[[-56.12473  -56.12473  -43.134712 ... -56.12473  -56.12473  -56.12473 ]
 [-56.12473  -56.12473  -54.68474  ... -56.12473  -56.12473  -56.12473 ]
 [-56.12473  -56.12473  -55.83614  ... -56.12473  -56.12473  -56.12473 ]
 ...
 [-56.12473  -56.12473  -56.12473  ... -56.12473  -56.12473  -56.12473 ]
 [-56.12473  -56.12473  -56.12473  ... -56.12473  -56.12473  -56.12473 ]
 [-56.12473  -56.12473  -56.12473  ... -56.12473  -56.12473  -56.12473 ]], shape=(1417, 128), dtype=float32)
tf.Tensor(
[[-52.369637 -52.369637 -50.38942  ... -52.369637 -52.369637 -52.369637]
 [-52.369637 -52.369637 -48.809166 ... -52.369637 -52.369637 -52.369637]
 [-52.369637 -52.369637 -52.369637 ... -52.369637 -52.369637 -52.369637]
 ...
 [-52.369637 -52.369637 -52.369637 ... -52.369637 -52.369637 -52.369637]
 [-52.369637 -52.369637 -52.369637 ... -52.369637 -52.369637 -52.369637]
 [-52.369637 -52.369637 -52.369637 ... -52.369637 -52.369637 -52.369637]], shape=(1417, 128), dtype=float32)
tf.Tensor(
[[-54.712593 -54.712593 -43.808727 ... -54.712593 -54.712593 -54.712593]
 [-54.712593 -54.712593 -41.343456 ... -54.712593 -54.712593 -54.712593]
 [-54.712593 -54.712593 -52.478367 ... -54.712593 -54.712593 -54.712593]
 ...
 [-54.712593 -54.712593 -54.712593 ... -54.712593 -54.712593 -54.712593]
 [-54.712593 -54.712593 -54.712593 ... -54.712593 -54.712593 -54.712593]
 [-54.712593 -54.712593 -54.712593 ... -54.712593 -54.712593 -54.712593]], shape=(1417, 128), dtype=float32)
tf.Tensor(
[[-52.45018  -52.45018  -39.411617 ... -52.45018  -52.45018  -52.45018 ]
 [-52.45018  -52.45018  -44.257553 ... -52.45018  -52.45018  -52.45018 ]
 [-52.45018  -52.45018  -52.45018  ... -52.45018  -52.45018  -52.45018 ]
 ...
 [-52.45018  -52.45018  -52.45018  ... -52.45018  -52.45018  -52.45018 ]
 [-52.45018  -52.45018  -52.45018  ... -52.45018  -52.45018  -52.45018 ]
 [-52.45018  -52.45018  -52.45018  ... -52.45018  -52.45018  -52.45018 ]], shape=(1417, 128), dtype=float32)
tf.Tensor(
[[-50.70826  -50.70826  -42.625164 ... -50.70826  -50.70826  -50.70826 ]
 [-50.70826  -50.70826  -45.846157 ... -50.70826  -50.70826  -50.70826 ]
 [-50.70826  -50.70826  -37.23907  ... -50.70826  -50.70826  -50.70826 ]
 ...
 [-50.70826  -50.70826  -50.70826  ... -50.70826  -50.70826  -50.70826 ]
 [-50.70826  -50.70826  -50.70826  ... -50.70826  -50.70826  -50.70826 ]
 [-50.70826  -50.70826  -50.70826  ... -50.70826  -50.70826  -50.70826 ]], shape=(1417, 128), dtype=float32)
tf.Tensor(
[[-51.07673  -51.07673  -35.043118 ... -51.07673  -51.07673  -51.07673 ]
 [-51.07673  -51.07673  -40.948982 ... -51.07673  -51.07673  -51.07673 ]
 [-51.07673  -51.07673  -40.404976 ... -51.07673  -51.07673  -51.07673 ]
 ...
 [-51.07673  -51.07673  -51.07673  ... -51.07673  -51.07673  -51.07673 ]
 [-51.07673  -51.07673  -51.07673  ... -51.07673  -51.07673  -51.07673 ]
 [-51.07673  -51.07673  -51.07673  ... -51.07673  -51.07673  -51.07673 ]], shape=(1417, 128), dtype=float32)
tf.Tensor(
[[-49.551826 -49.551826 -44.469772 ... -49.551826 -49.551826 -49.551826]
 [-49.551826 -49.551826 -42.806732 ... -49.551826 -49.551826 -49.551826]
 [-49.551826 -49.551826 -43.657436 ... -49.551826 -49.551826 -49.551826]
 ...
 [-49.551826 -49.551826 -49.551826 ... -49.551826 -49.551826 -49.551826]
 [-49.551826 -49.551826 -49.551826 ... -49.551826 -49.551826 -49.551826]
 [-49.551826 -49.551826 -49.551826 ... -49.551826 -49.551826 -49.551826]], shape=(1417, 128), dtype=float32)
tf.Tensor(
[[-53.42242  -53.42242  -44.955696 ... -53.42242  -53.42242  -53.42242 ]
 [-53.42242  -53.42242  -53.42242  ... -53.42242  -53.42242  -53.42242 ]
 [-53.42242  -53.42242  -45.893135 ... -53.42242  -53.42242  -53.42242 ]
 ...
 [-53.42242  -53.42242  -53.42242  ... -53.42242  -53.42242  -53.42242 ]
 [-53.42242  -53.42242  -53.42242  ... -53.42242  -53.42242  -53.42242 ]
 [-53.42242  -53.42242  -53.42242  ... -53.42242  -53.42242  -53.42242 ]], shape=(1417, 128), dtype=float32)
tf.Tensor(
[[-57.368042 -57.368042 -42.539104 ... -57.368042 -57.368042 -57.368042]
 [-57.368042 -57.368042 -45.240044 ... -57.368042 -57.368042 -57.368042]
 [-57.368042 -57.368042 -44.783398 ... -57.368042 -57.368042 -57.368042]
 ...
 [-57.368042 -57.368042 -57.368042 ... -57.368042 -57.368042 -57.368042]
 [-57.368042 -57.368042 -57.368042 ... -57.368042 -57.368042 -57.368042]
 [-57.368042 -57.368042 -57.368042 ... -57.368042 -57.368042 -57.368042]], shape=(1417, 128), dtype=float32)
tf.Tensor(
[[-55.95972  -55.95972  -48.988247 ... -55.95972  -55.95972  -55.95972 ]
 [-55.95972  -55.95972  -42.35474  ... -55.95972  -55.95972  -55.95972 ]
 [-55.95972  -55.95972  -55.26288  ... -55.95972  -55.95972  -55.95972 ]
 ...
 [-55.95972  -55.95972  -55.95972  ... -55.95972  -55.95972  -55.95972 ]
 [-55.95972  -55.95972  -55.95972  ... -55.95972  -55.95972  -55.95972 ]
 [-55.95972  -55.95972  -55.95972  ... -55.95972  -55.95972  -55.95972 ]], shape=(1417, 128), dtype=float32)
tf.Tensor(
[[-56.510044 -56.510044 -41.273273 ... -56.510044 -56.510044 -56.510044]
 [-56.510044 -56.510044 -42.99713  ... -56.510044 -56.510044 -56.510044]
 [-56.510044 -56.510044 -48.550716 ... -56.510044 -56.510044 -56.510044]
 ...
 [-56.510044 -56.510044 -56.510044 ... -56.510044 -56.510044 -56.510044]
 [-56.510044 -56.510044 -56.510044 ... -56.510044 -56.510044 -56.510044]
 [-56.510044 -56.510044 -56.510044 ... -56.510044 -56.510044 -56.510044]], shape=(1417, 128), dtype=float32)
tf.Tensor(
[[-54.395557 -54.395557 -43.44652  ... -54.395557 -54.395557 -54.395557]
 [-54.395557 -54.395557 -37.625435 ... -54.395557 -54.395557 -54.395557]
 [-54.395557 -54.395557 -49.758297 ... -54.395557 -54.395557 -54.395557]
 ...
 [-54.395557 -54.395557 -54.395557 ... -54.395557 -54.395557 -54.395557]
 [-54.395557 -54.395557 -54.395557 ... -54.395557 -54.395557 -54.395557]
 [-54.395557 -54.395557 -54.395557 ... -54.395557 -54.395557 -54.395557]], shape=(1417, 128), dtype=float32)
tf.Tensor(
[[-52.97239  -52.97239  -41.555042 ... -52.97239  -52.97239  -52.97239 ]
 [-52.97239  -52.97239  -41.43835  ... -52.97239  -52.97239  -52.97239 ]
 [-52.97239  -52.97239  -50.962845 ... -52.97239  -52.97239  -52.97239 ]
 ...
 [-52.97239  -52.97239  -52.97239  ... -52.97239  -52.97239  -52.97239 ]
 [-52.97239  -52.97239  -52.97239  ... -52.97239  -52.97239  -52.97239 ]
 [-52.97239  -52.97239  -52.97239  ... -52.97239  -52.97239  -52.97239 ]], shape=(1417, 128), dtype=float32)
